48
39.7596 92.5039 12.2843 96.3158 25.2092 64.3414 61.6751 91.835 70.5874 39.8942 30.5126 81.5276 98.6591 18.7355 70.0838 56.9685 27.1738 47.8979 34.3948 34.2568 77.8085 69.702 28.7635 55.9012 71.4948 42.5194 39.0014 38.8495 26.7626 17.7036 34.207 99.6073 78.8032 42.6219 31.5433 64.0247 68.0225 42.6419 9.98516 3.20231 66.0811 75.9607 15.8598 3.9641 49.2988 83.0505 23.7719 64.3474 
92.5039 6.33578 93.152 32.8167 5.6023 34.4846 64.8013 9.36496 41.4657 59.7569 51.4859 52.0064 7.20492 12.3928 69.2295 85.2012 24.1584 66.3107 38.545 48.3252 66.4501 79.361 42.7289 6.22994 85.4415 53.3718 52.162 59.0914 56.3734 80.2558 24.0945 81.4747 65.6914 79.175 88.4608 21.7129 92.9034 98.1778 24.0917 39.175 32.2443 54.4165 82.6811 38.8327 2.3008 46.2825 40.9659 13.2317 
12.2843 93.152 84.1558 92.9874 68.9002 90.1624 72.1528 43.0429 41.0718 13.3562 31.3892 10.8775 48.2148 58.299 73.5669 5.0395 87.3992 18.4631 16.7764 2.38367 32.4273 4.1401 90.1088 32.7462 85.874 42.1248 68.1312 80.7155 18.4787 67.2801 2.39473 5.23025 31.1874 2.43398 83.5438 26.2184 51.5668 72.0945 65.5401 42.2761 25.4623 98.7701 30.5068 24.0472 48.42 11.7148 18.033 62.8034 
96.3158 32.8167 92.9874 62.8818 32.2123 46.2925 70.0563 6.34942 65.2965 81.7034 86.1857 92.7065 72.897 28.2078 99.8672 54.6639 8.77287 73.2847 18.468 58.5874 24.7211 15.5432 99.9046 27.1009 45.5682 50.7763 32.2076 22.0723 71.2902 86.3054 9.68497 83.894 26.025 99.5348 76.1914 23.9079 27.5213 82.364 21.5133 15.9401 6.86115 10.4033 69.4184 68.7038 99.6441 33.7844 41.8928 31.766 
25.2092 5.6023 68.9002 32.2123 16.222 2.48285 68.7508 47.7672 70.4305 6.29776 22.8113 66.3793 73.5166 55.7746 69.1945 63.6521 90.7341 56.2025 44.0789 68.904 3.04753 7.9294 55.0192 10.2555 93.1255 86.9912 99.1154 47.2052 45.778 62.113 38.269 60.6845 79.7593 12.7374 94.5195 27.42 16.4389 35.0288 72.1673 39.8897 50.3805 49.3897 38.878 10.4544 32.7481 51.5728 35.8409 66.3122 
64.3414 34.4846 90.1624 46.2925 2.48285 87.4088 94.616 65.6161 52.152 13.3243 51.028 54.5461 0.987415 49.2895 24.0219 73.9366 1.48876 89.1029 2.89591 59.348 20.8307 96.8604 99.8314 54.4577 74.2559 95.6981 28.4755 71.3978 92.4859 51.0115 84.7801 32.6074 24.2031 66.2895 72.5063 2.18212 2.36515 3.46852 94.446 88.6448 16.4541 83.033 38.1382 28.0762 83.6917 23.324 74.7633 98.5693 
61.6751 64.8013 72.1528 70.0563 68.7508 94.616 46.7803 9.55523 51.3306 92.8906 60.4869 85.9614 8.65797 31.8884 94.3097 58.5661 27.8559 33.3957 65.8398 37.6481 55.2054 82.8963 40.722 62.1787 11.8902 64.9018 51.005 73.8792 41.6252 50.4896 70.6411 48.0509 61.0415 21.0846 26.8889 75.9198 54.2623 76.315 90.8915 95.7086 19.9795 68.1702 73.5393 97.7377 70.4652 28.0164 59.5742 16.7844 
91.835 9.36496 43.0429 6.34942 47.7672 65.6161 9.55523 15.4807 40.951 12.6621 40.5458 90.6846 99.7579 30.4059 97.1462 46.3498 96.2714 83.2962 19.5845 86.5532 5.86039 83.1421 23.5967 12.5093 9.42301 45.1682 47.593 78.8636 32.0465 15.2556 66.6341 4.85739 29.2946 67.9404 13.4785 33.1975 5.34993 44.8915 31.5299 79.3542 39.0961 79.4863 73.8867 10.2645 29.7796 80.6025 60.5979 44.01 
70.5874 41.4657 41.0718 65.2965 70.4305 52.152 51.3306 40.951 56.1276 80.2974 25.5424 36.4917 53.1413 48.3955 87.2029 24.7171 25.208 57.6881 76.5054 89.6884 40.1089 44.7662 99.923 4.08618 24.1862 37.0477 96.0808 38.884 5.03899 25.1903 48.5537 11.2503 35.2944 29.9025 54.5219 51.2765 11.3237 23.1799 12.6186 84.9854 10.0983 28.5689 31.655 95.0597 33.5981 91.762 27.4036 3.0935 
39.8942 59.7569 13.3562 81.7034 6.29776 13.3243 92.8906 12.6621 80.2974 39.6629 81.4464 28.7073 16.6638 71.0499 23.3424 54.1025 93.3554 11.2382 68.3214 44.1077 99.0227 33.1786 21.3279 19.787 63.7347 86.27 74.5539 53.0491 1.0607 44.8292 53.0657 88.5792 37.8441 31.4528 43.564 31.7828 91.7647 88.1456 70.5737 24.7388 38.5567 77.9326 58.4481 13.4046 29.0955 88.9852 5.62653 42.1261 
30.5126 51.4859 31.3892 86.1857 22.8113 51.028 60.4869 40.5458 25.5424 81.4464 36.175 97.7895 42.2071 14.604 54.0911 96.9777 57.863 91.6535 6.70519 73.8022 91.8888 71.6058 88.5456 44.1737 29.2998 78.1067 24.9057 83.305 66.1776 59.495 58.3709 92.4125 52.5887 4.39279 94.3443 20.479 28.8415 59.2848 80.4388 60.3358 17.6567 26.2224 38.4643 90.8306 42.1238 65.6865 48.585 96.0774 
81.5276 52.0064 10.8775 92.7065 66.3793 54.5461 85.9614 90.6846 36.4917 28.7073 97.7895 4.15514 91.2638 3.83584 46.3039 92.7584 5.9081 93.1731 16.1058 40.5969 64.9455 95.104 59.5858 22.1651 62.5012 19.7772 43.3188 20.5351 16.8229 89.0758 88.1335 48.8019 99.1884 32.5793 40.8799 22.6037 66.806 92.4685 7.31975 75.0034 41.7003 65.466 81.8114 33.7645 92.5666 26.2201 45.2572 6.28398 
98.6591 7.20492 48.2148 72.897 73.5166 0.987415 8.65797 99.7579 53.1413 16.6638 42.2071 91.2638 24.5511 45.2599 48.6947 57.1494 71.888 53.0739 87.6801 27.6664 18.5739 42.3398 6.79235 40.4414 65.2828 42.9487 11.7455 10.7137 11.8702 22.5422 29.8491 67.8994 89.3584 99.2501 90.1932 69.6299 22.0721 88.8218 65.0509 4.49537 58.3156 23.0413 83.4242 33.4273 81.1396 28.6486 94.2316 29.372 
18.7355 12.3928 58.299 28.2078 55.7746 49.2895 31.8884 30.4059 48.3955 71.0499 14.604 3.83584 45.2599 19.4474 72.0616 88.7659 47.6924 26.075 23.7045 87.9378 25.0979 17.6137 1.29347 36.383 13.0403 52.5187 74.0353 0.100636 10.2249 62.0556 74.0896 46.0151 1.62 99.5213 95.9943 43.281 38.4434 89.6006 65.1162 76.3818 88.9675 17.6243 64.8359 6.32935 26.8359 66.1164 66.6347 16.4275 
70.0838 69.2295 73.5669 99.8672 69.1945 24.0219 94.3097 97.1462 87.2029 23.3424 54.0911 46.3039 48.6947 72.0616 59.7496 36.475 22.3949 96.3477 86.7327 40.831 44.2365 39.3869 18.892 59.0101 6.79226 32.2857 82.237 19.0249 5.44812 41.2068 80.4514 72.3571 34.4062 97.8502 30.0489 73.44 21.2643 64.2235 21.2262 75.8547 93.7842 25.605 86.9783 2.27322 74.4143 83.0063 42.7063 54.1246 
56.9685 85.2012 5.0395 54.6639 63.6521 73.9366 58.5661 46.3498 24.7171 54.1025 96.9777 92.7584 57.1494 88.7659 36.475 5.82678 27.3197 85.9884 93.095 52.002 78.4024 12.6107 99.0841 73.8146 63.0126 1.4374 98.6986 52.6278 81.7714 37.8697 56.7428 87.5826 6.67151 61.5194 97.9715 20.5706 46.303 88.0918 73.1122 58.3439 24.5351 43.2355 61.5008 6.23082 9.87988 18.7927 89.5225 66.4455 
27.1738 24.1584 87.3992 8.77287 90.7341 1.48876 27.8559 96.2714 25.208 93.3554 57.863 5.9081 71.888 47.6924 22.3949 27.3197 96.4206 17.1574 88.8924 38.8078 45.9266 89.3715 78.7076 24.2239 24.5504 46.9063 99.6751 33.7965 39.9462 5.68463 60.2805 29.762 6.2155 60.634 42.336 21.3454 75.8186 96.4787 26.5191 7.04991 60.2346 95.8881 25.981 77.6518 20.0926 78.465 44.9267 13.4019 
47.8979 66.3107 18.4631 73.2847 56.2025 89.1029 33.3957 83.2962 57.6881 11.2382 91.6535 93.1731 53.0739 26.075 96.3477 85.9884 17.1574 63.4272 70.7095 28.8844 51.1139 97.8921 81.1317 90.9543 3.30221 36.1212 17.2947 48.3759 30.2556 38.402 26.4297 71.2224 52.8215 38.8344 4.10278 67.5829 96.3463 51.6003 75.1232 24.2529 20.2082 84.405 95.4852 29.4207 74.9688 3.29513 21.0421 28.7949 
34.3948 38.545 16.7764 18.468 44.0789 2.89591 65.8398 19.5845 76.5054 68.3214 6.70519 16.1058 87.6801 23.7045 86.7327 93.095 88.8924 70.7095 34.8236 44.0126 5.55696 23.2303 11.8595 99.2752 82.1356 32.6695 50.1325 16.2486 14.7833 94.314 56.6982 65.0597 42.5263 4.8945 35.0849 25.6362 44.6366 52.7136 56.4178 37.2065 49.4517 72.3486 99.0462 21.0672 10.5675 44.2461 53.9974 85.3658 
34.2568 48.3252 2.38367 58.5874 68.904 59.348 37.6481 86.5532 89.6884 44.1077 73.8022 40.5969 27.6664 87.9378 40.831 52.002 38.8078 28.8844 44.0126 78.423 98.6395 99.3541 64.2229 90.1453 62.8533 23.772 24.782 29.7645 99.4754 40.5989 4.7672 41.4947 96.0645 39.967 46.0781 40.7558 45.6859 36.9997 12.6771 73.7849 24.7928 59.9466 37.0566 30.288 57.6886 42.4676 32.3841 19.1499 
77.8085 66.4501 32.4273 24.7211 3.04753 20.8307 55.2054 5.86039 40.1089 99.0227 91.8888 64.9455 18.5739 25.0979 44.2365 78.4024 45.9266 51.1139 5.55696 98.6395 93.172 30.6186 67.1449 5.36099 98.6864 94.07 67.1549 5.26272 32.898 95.6838 87.015 82.5393 78.9036 69.2117 5.02202 70.3418 71.6163 24.9986 57.2224 76.4893 55.0627 81.3949 41.8341 77.617 8.02241 14.6924 24.355 84.9676 
69.702 79.361 4.1401 15.5432 7.9294 96.8604 82.8963 83.1421 44.7662 33.1786 71.6058 95.104 42.3398 17.6137 39.3869 12.6107 89.3715 97.8921 23.2303 99.3541 30.6186 30.5183 34.2635 15.167 41.2398 93.704 7.82678 83.0022 76.5442 27.1165 14.9753 8.4676 94.2589 6.04005 28.4461 75.2455 48.112 84.7579 55.1427 38.0919 33.5504 57.6306 65.4564 38.3356 25.5732 11.8343 62.6999 10.9476 
28.7635 42.7289 90.1088 99.9046 55.0192 99.8314 40.722 23.5967 99.923 21.3279 88.5456 59.5858 6.79235 1.29347 18.892 99.0841 78.7076 81.1317 11.8595 64.2229 67.1449 34.2635 79.8278 79.2455 63.9819 49.4009 66.4424 44.0617 35.3757 63.356 68.409 13.5924 73.4076 78.1918 2.07115 54.1968 48.0288 90.3858 56.0996 69.8435 20.5686 45.2138 9.47115 30.3845 67.0094 86.1353 1.04817 16.0013 
55.9012 6.22994 32.7462 27.1009 10.2555 54.4577 62.1787 12.5093 4.08618 19.787 44.1737 22.1651 40.4414 36.383 59.0101 73.8146 24.2239 90.9543 99.2752 90.1453 5.36099 15.167 79.2455 40.1812 96.999 66.5331 92.242 23.2511 73.3654 61.0873 9.1992 47.2787 97.2217 49.7451 99.5234 53.3435 41.268 50.7245 48.1553 30.7991 3.87116 94.6224 37.938 60.6678 71.0699 6.63042 23.2881 65.0541 
71.4948 85.4415 85.874 45.5682 93.1255 74.2559 11.8902 9.42301 24.1862 63.7347 29.2998 62.5012 65.2828 13.0403 6.79226 63.0126 24.5504 3.30221 82.1356 62.8533 98.6864 41.2398 63.9819 96.999 30.9743 63.2862 27.0811 49.3593 87.1805 40.7003 67.0895 18.0229 90.4942 10.8675 73.7616 66.4912 97.368 94.0566 75.9972 5.77692 29.537 20.8503 51.3861 89.2232 33.3857 86.2574 56.3194 34.9799 
42.5194 53.3718 42.1248 50.7763 86.9912 95.6981 64.9018 45.1682 37.0477 86.27 78.1067 19.7772 42.9487 52.5187 32.2857 1.4374 46.9063 36.1212 32.6695 23.772 94.07 93.704 49.4009 66.5331 63.2862 63.9897 4.57864 38.7521 52.9592 59.961 39.6444 3.50532 49.2985 10.2444 9.45573 32.3146 61.3773 91.5406 68.8722 92.542 6.72088 1.4149 50.9428 3.1074 42.336 8.42207 19.5341 83.3518 
39.0014 52.162 68.1312 32.2076 99.1154 28.4755 51.005 47.593 96.0808 74.5539 24.9057 43.3188 11.7455 74.0353 82.237 98.6986 99.6751 17.2947 50.1325 24.782 67.1549 7.82678 66.4424 92.242 27.0811 4.57864 56.938 75.7467 39.0698 39.3595 98.6962 60.0874 15.0716 33.4543 66.8367 35.0694 61.8502 89.7594 8.24242 6.41091 74.3101 93.4682 87.461 50.9965 23.6287 75.3206 87.7307 64.5259 
38.8495 59.0914 80.7155 22.0723 47.2052 71.3978 73.8792 78.8636 38.884 53.0491 83.305 20.5351 10.7137 0.100636 19.0249 52.6278 33.7965 48.3759 16.2486 29.7645 5.26272 83.0022 44.0617 23.2511 49.3593 38.7521 75.7467 63.7006 40.0723 80.1973 97.4268 23.0365 91.0868 72.14 84.1719 15.1678 21.9608 56.1731 44.2747 96.0432 25.2581 42.5885 37.2932 65.2902 40.9462 30.9484 63.491 76.8457 
26.7626 56.3734 18.4787 71.2902 45.778 92.4859 41.6252 32.0465 5.03899 1.0607 66.1776 16.8229 11.8702 10.2249 5.44812 81.7714 39.9462 30.2556 14.7833 99.4754 32.898 76.5442 35.3757 73.3654 87.1805 52.9592 39.0698 40.0723 73.3614 19.4955 19.0716 36.0461 51.3916 57.8065 35.3396 57.4357 72.7149 81.7732 14.5084 27.9309 99.806 14.8713 17.8101 34.8575 30.6895 51.5296 7.89548 20.4048 
17.7036 80.2558 67.2801 86.3054 62.113 51.0115 50.4896 15.2556 25.1903 44.8292 59.495 89.0758 22.5422 62.0556 41.2068 37.8697 5.68463 38.402 94.314 40.5989 95.6838 27.1165 63.356 61.0873 40.7003 59.961 39.3595 80.1973 19.4955 39.4722 63.8993 4.75004 58.5194 73.3525 7.51099 51.9093 64.0249 49.5424 56.3443 4.56402 90.9971 51.3175 92.3937 79.7074 57.8818 31.1723 3.97267 47.458 
34.207 24.0945 2.39473 9.68497 38.269 84.7801 70.6411 66.6341 48.5537 53.0657 58.3709 88.1335 29.8491 74.0896 80.4514 56.7428 60.2805 26.4297 56.6982 4.7672 87.015 14.9753 68.409 9.1992 67.0895 39.6444 98.6962 97.4268 19.0716 63.8993 23.9434 82.5932 11.5123 88.6843 99.2752 22.5568 23.6195 36.5748 56.9127 86.5174 36.6097 17.8769 11.8478 93.6432 78.6931 21.5166 4.55968 91.4109 
99.6073 81.4747 5.23025 83.894 60.6845 32.6074 48.0509 4.85739 11.2503 88.5792 92.4125 48.8019 67.8994 46.0151 72.3571 87.5826 29.762 71.2224 65.0597 41.4947 82.5393 8.4676 13.5924 47.2787 18.0229 3.50532 60.0874 23.0365 36.0461 4.75004 82.5932 67.5066 45.1254 22.9764 70.4522 88.0537 77.3086 25.6842 58.4184 62.1488 70.3982 44.3957 77.3109 84.5744 61.7076 22.9197 79.6655 14.4004 
78.8032 65.6914 31.1874 26.025 79.7593 24.2031 61.0415 29.2946 35.2944 37.8441 52.5887 99.1884 89.3584 1.62 34.4062 6.67151 6.2155 52.8215 42.5263 96.0645 78.9036 94.2589 73.4076 97.2217 90.4942 49.2985 15.0716 91.0868 51.3916 58.5194 11.5123 45.1254 91.0623 82.1631 55.5567 74.9185 43.9893 24.4046 91.9232 11.0515 56.0114 78.3649 28.5516 52.5178 35.234 2.9905 98.9642 68.8597 
42.6219 79.175 2.43398 99.5348 12.7374 66.2895 21.0846 67.9404 29.9025 31.4528 4.39279 32.5793 99.2501 99.5213 97.8502 61.5194 60.634 38.8344 4.8945 39.967 69.2117 6.04005 78.1918 49.7451 10.8675 10.2444 33.4543 72.14 57.8065 73.3525 88.6843 22.9764 82.1631 10.3655 45.7328 25.8673 53.9435 49.9523 37.2059 74.3933 49.7348 88.2766 67.0998 77.9341 11.092 5.67676 47.8922 36.9773 
31.5433 88.4608 83.5438 76.1914 94.5195 72.5063 26.8889 13.4785 54.5219 43.564 94.3443 40.8799 90.1932 95.9943 30.0489 97.9715 42.336 4.10278 35.0849 46.0781 5.02202 28.4461 2.07115 99.5234 73.7616 9.45573 66.8367 84.1719 35.3396 7.51099 99.2752 70.4522 55.5567 45.7328 74.4352 75.5807 47.007 95.619 57.073 25.198 71.9351 95.9451 19.8227 37.9255 50.6383 75.1268 93.0676 57.9149 
64.0247 21.7129 26.2184 23.9079 27.42 2.18212 75.9198 33.1975 51.2765 31.7828 20.479 22.6037 69.6299 43.281 73.44 20.5706 21.3454 67.5829 25.6362 40.7558 70.3418 75.2455 54.1968 53.3435 66.4912 32.3146 35.0694 15.1678 57.4357 51.9093 22.5568 88.0537 74.9185 25.8673 75.5807 61.5144 19.8981 43.6719 44.5604 37.4698 95.1 73.8465 0.52747 47.0957 66.0524 26.3551 28.5339 6.72633 
68.0225 92.9034 51.5668 27.5213 16.4389 2.36515 54.2623 5.34993 11.3237 91.7647 28.8415 66.806 22.0721 38.4434 21.2643 46.303 75.8186 96.3463 44.6366 45.6859 71.6163 48.112 48.0288 41.268 97.368 61.3773 61.8502 21.9608 72.7149 64.0249 23.6195 77.3086 43.9893 53.9435 47.007 19.8981 72.488 4.77386 9.67528 70.5331 39.5181 37.3428 39.459 34.5979 94.0983 86.9713 11.2562 42.9199 
42.6419 98.1778 72.0945 82.364 35.0288 3.46852 76.315 44.8915 23.1799 88.1456 59.2848 92.4685 88.8218 89.6006 64.2235 88.0918 96.4787 51.6003 52.7136 36.9997 24.9986 84.7579 90.3858 50.7245 94.0566 91.5406 89.7594 56.1731 81.7732 49.5424 36.5748 25.6842 24.4046 49.9523 95.619 43.6719 4.77386 70.353 94.2777 62.5676 65.2159 16.1922 97.0566 21.9828 3.96317 45.7952 68.8377 88.8725 
9.98516 24.0917 65.5401 21.5133 72.1673 94.446 90.8915 31.5299 12.6186 70.5737 80.4388 7.31975 65.0509 65.1162 21.2262 73.1122 26.5191 75.1232 56.4178 12.6771 57.2224 55.1427 56.0996 48.1553 75.9972 68.8722 8.24242 44.2747 14.5084 56.3443 56.9127 58.4184 91.9232 37.2059 57.073 44.5604 9.67528 94.2777 97.7805 79.855 75.4463 70.4573 15.62 55.0849 87.1028 75.721 5.29622 68.7107 
3.20231 39.175 42.2761 15.9401 39.8897 88.6448 95.7086 79.3542 84.9854 24.7388 60.3358 75.0034 4.49537 76.3818 75.8547 58.3439 7.04991 24.2529 37.2065 73.7849 76.4893 38.0919 69.8435 30.7991 5.77692 92.542 6.41091 96.0432 27.9309 4.56402 86.5174 62.1488 11.0515 74.3933 25.198 37.4698 70.5331 62.5676 79.855 85.3198 30.0077 55.4933 15.4639 95.3871 3.12189 46.7678 91.2954 30.7101 
66.0811 32.2443 25.4623 6.86115 50.3805 16.4541 19.9795 39.0961 10.0983 38.5567 17.6567 41.7003 58.3156 88.9675 93.7842 24.5351 60.2346 20.2082 49.4517 24.7928 55.0627 33.5504 20.5686 3.87116 29.537 6.72088 74.3101 25.2581 99.806 90.9971 36.6097 70.3982 56.0114 49.7348 71.9351 95.1 39.5181 65.2159 75.4463 30.0077 2.42323 20.0156 46.4314 35.761 82.6092 11.2941 96.9342 40.0152 
75.9607 54.4165 98.7701 10.4033 49.3897 83.033 68.1702 79.4863 28.5689 77.9326 26.2224 65.466 23.0413 17.6243 25.605 43.2355 95.8881 84.405 72.3486 59.9466 81.3949 57.6306 45.2138 94.6224 20.8503 1.4149 93.4682 42.5885 14.8713 51.3175 17.8769 44.3957 78.3649 88.2766 95.9451 73.8465 37.3428 16.1922 70.4573 55.4933 20.0156 19.4182 2.47516 84.4296 78.0578 46.4833 14.0616 76.9263 
15.8598 82.6811 30.5068 69.4184 38.878 38.1382 73.5393 73.8867 31.655 58.4481 38.4643 81.8114 83.4242 64.8359 86.9783 61.5008 25.981 95.4852 99.0462 37.0566 41.8341 65.4564 9.47115 37.938 51.3861 50.9428 87.461 37.2932 17.8101 92.3937 11.8478 77.3109 28.5516 67.0998 19.8227 0.52747 39.459 97.0566 15.62 15.4639 46.4314 2.47516 31.473 85.4451 18.8897 24.6707 38.4685 53.3641 
3.9641 38.8327 24.0472 68.7038 10.4544 28.0762 97.7377 10.2645 95.0597 13.4046 90.8306 33.7645 33.4273 6.32935 2.27322 6.23082 77.6518 29.4207 21.0672 30.288 77.617 38.3356 30.3845 60.6678 89.2232 3.1074 50.9965 65.2902 34.8575 79.7074 93.6432 84.5744 52.5178 77.9341 37.9255 47.0957 34.5979 21.9828 55.0849 95.3871 35.761 84.4296 85.4451 0.0586213 36.8667 3.74682 34.3143 3.72996 
49.2988 2.3008 48.42 99.6441 32.7481 83.6917 70.4652 29.7796 33.5981 29.0955 42.1238 92.5666 81.1396 26.8359 74.4143 9.87988 20.0926 74.9688 10.5675 57.6886 8.02241 25.5732 67.0094 71.0699 33.3857 42.336 23.6287 40.9462 30.6895 57.8818 78.6931 61.7076 35.234 11.092 50.6383 66.0524 94.0983 3.96317 87.1028 3.12189 82.6092 78.0578 18.8897 36.8667 92.789 45.0334 6.51751 60.4865 
83.0505 46.2825 11.7148 33.7844 51.5728 23.324 28.0164 80.6025 91.762 88.9852 65.6865 26.2201 28.6486 66.1164 83.0063 18.7927 78.465 3.29513 44.2461 42.4676 14.6924 11.8343 86.1353 6.63042 86.2574 8.42207 75.3206 30.9484 51.5296 31.1723 21.5166 22.9197 2.9905 5.67676 75.1268 26.3551 86.9713 45.7952 75.721 46.7678 11.2941 46.4833 24.6707 3.74682 45.0334 96.0432 62.0238 70.5515 
23.7719 40.9659 18.033 41.8928 35.8409 74.7633 59.5742 60.5979 27.4036 5.62653 48.585 45.2572 94.2316 66.6347 42.7063 89.5225 44.9267 21.0421 53.9974 32.3841 24.355 62.6999 1.04817 23.2881 56.3194 19.5341 87.7307 63.491 7.89548 3.97267 4.55968 79.6655 98.9642 47.8922 93.0676 28.5339 11.2562 68.8377 5.29622 91.2954 96.9342 14.0616 38.4685 34.3143 6.51751 62.0238 43.5217 47.7352 
64.3474 13.2317 62.8034 31.766 66.3122 98.5693 16.7844 44.01 3.0935 42.1261 96.0774 6.28398 29.372 16.4275 54.1246 66.4455 13.4019 28.7949 85.3658 19.1499 84.9676 10.9476 16.0013 65.0541 34.9799 83.3518 64.5259 76.8457 20.4048 47.458 91.4109 14.4004 68.8597 36.9773 57.9149 6.72633 42.9199 88.8725 68.7107 30.7101 40.0152 76.9263 53.3641 3.72996 60.4865 70.5515 47.7352 97.8159